  0.0000    7    4.000   1.0000         Cond7
  4.0000    0    6.000   1.0000          NULL 
 10.0000    6    4.000   1.0000         Cond6
 14.0000    0    7.000   1.0000          NULL 
 21.0000    7    4.000   1.0000         Cond7
 25.0000    0    7.000   1.0000          NULL 
 32.0000    9    4.000   1.0000         Cond9
 36.0000    0    6.000   1.0000          NULL 
 42.0000   10    4.000   1.0000        Cond10
 46.0000    0    6.000   1.0000          NULL 
 52.0000    6    4.000   1.0000         Cond6
 56.0000    0    6.000   1.0000          NULL 
 62.0000    2    4.000   1.0000         Cond2
 66.0000    0    6.000   1.0000          NULL 
 72.0000    9    4.000   1.0000         Cond9
 76.0000    0   12.000   1.0000          NULL 
 88.0000    3    4.000   1.0000         Cond3
 92.0000    0    7.000   1.0000          NULL 
 99.0000    6    4.000   1.0000         Cond6
103.0000    0    6.000   1.0000          NULL 
109.0000    4    4.000   1.0000         Cond4
113.0000    0    7.000   1.0000          NULL 
120.0000    4    4.000   1.0000         Cond4
124.0000    0    6.000   1.0000          NULL 
130.0000    9    4.000   1.0000         Cond9
134.0000    0    6.000   1.0000          NULL 
140.0000    7    4.000   1.0000         Cond7
144.0000    0    6.000   1.0000          NULL 
150.0000    8    4.000   1.0000         Cond8
154.0000    0    8.000   1.0000          NULL 
162.0000    3    4.000   1.0000         Cond3
166.0000    0    6.000   1.0000          NULL 
172.0000    4    4.000   1.0000         Cond4
176.0000    0    7.000   1.0000          NULL 
183.0000    5    4.000   1.0000         Cond5
187.0000    0    6.000   1.0000          NULL 
193.0000    1    4.000   1.0000         Cond1
197.0000    0    6.000   1.0000          NULL 
203.0000    5    4.000   1.0000         Cond5
207.0000    0    9.000   1.0000          NULL 
216.0000    6    4.000   1.0000         Cond6
220.0000    0    6.000   1.0000          NULL 
226.0000   10    4.000   1.0000        Cond10
230.0000    0    6.000   1.0000          NULL 
236.0000    5    4.000   1.0000         Cond5
240.0000    0    6.000   1.0000          NULL 
246.0000    3    4.000   1.0000         Cond3
250.0000    0   10.000   1.0000          NULL 
260.0000    8    4.000   1.0000         Cond8
264.0000    0    7.000   1.0000          NULL 
271.0000    7    4.000   1.0000         Cond7
275.0000    0   10.000   1.0000          NULL 
285.0000    9    4.000   1.0000         Cond9
289.0000    0    6.000   1.0000          NULL 
295.0000    2    4.000   1.0000         Cond2
299.0000    0   10.000   1.0000          NULL 
309.0000   10    4.000   1.0000        Cond10
313.0000    0    9.000   1.0000          NULL 
322.0000    1    4.000   1.0000         Cond1
326.0000    0    6.000   1.0000          NULL 
332.0000    2    4.000   1.0000         Cond2
336.0000    0    6.000   1.0000          NULL 
342.0000    8    4.000   1.0000         Cond8
346.0000    0    6.000   1.0000          NULL 
352.0000    5    4.000   1.0000         Cond5
356.0000    0    6.000   1.0000          NULL 
362.0000    8    4.000   1.0000         Cond8
366.0000    0    6.000   1.0000          NULL 
372.0000    3    4.000   1.0000         Cond3
376.0000    0    7.000   1.0000          NULL 
383.0000    4    4.000   1.0000         Cond4
387.0000    0    9.000   1.0000          NULL 
396.0000    1    4.000   1.0000         Cond1
400.0000    0    7.000   1.0000          NULL 
407.0000   10    4.000   1.0000        Cond10
411.0000    0    6.000   1.0000          NULL 
417.0000    2    4.000   1.0000         Cond2
421.0000    0    7.000   1.0000          NULL 
428.0000    1    4.000   1.0000         Cond1
432.0000    0    8.000   1.0000          NULL 
