  0.0000    1    4.000   1.0000         Cond1
  4.0000    0   10.000   1.0000          NULL 
 14.0000    7    4.000   1.0000         Cond7
 18.0000    0    9.000   1.0000          NULL 
 27.0000    4    4.000   1.0000         Cond4
 31.0000    0    8.000   1.0000          NULL 
 39.0000    6    4.000   1.0000         Cond6
 43.0000    0    7.000   1.0000          NULL 
 50.0000    6    4.000   1.0000         Cond6
 54.0000    0    6.000   1.0000          NULL 
 60.0000    5    4.000   1.0000         Cond5
 64.0000    0    7.000   1.0000          NULL 
 71.0000    5    4.000   1.0000         Cond5
 75.0000    0    7.000   1.0000          NULL 
 82.0000    2    4.000   1.0000         Cond2
 86.0000    0    7.000   1.0000          NULL 
 93.0000    5    4.000   1.0000         Cond5
 97.0000    0    6.000   1.0000          NULL 
103.0000   10    4.000   1.0000        Cond10
107.0000    0    6.000   1.0000          NULL 
113.0000    7    4.000   1.0000         Cond7
117.0000    0    7.000   1.0000          NULL 
124.0000    6    4.000   1.0000         Cond6
128.0000    0    6.000   1.0000          NULL 
134.0000    4    4.000   1.0000         Cond4
138.0000    0    7.000   1.0000          NULL 
145.0000    5    4.000   1.0000         Cond5
149.0000    0    6.000   1.0000          NULL 
155.0000    6    4.000   1.0000         Cond6
159.0000    0    6.000   1.0000          NULL 
165.0000    3    4.000   1.0000         Cond3
169.0000    0    6.000   1.0000          NULL 
175.0000    7    4.000   1.0000         Cond7
179.0000    0    6.000   1.0000          NULL 
185.0000    3    4.000   1.0000         Cond3
189.0000    0    8.000   1.0000          NULL 
197.0000    9    4.000   1.0000         Cond9
201.0000    0    7.000   1.0000          NULL 
208.0000    8    4.000   1.0000         Cond8
212.0000    0    6.000   1.0000          NULL 
218.0000    2    4.000   1.0000         Cond2
222.0000    0    9.000   1.0000          NULL 
231.0000   10    4.000   1.0000        Cond10
235.0000    0    7.000   1.0000          NULL 
242.0000    8    4.000   1.0000         Cond8
246.0000    0    7.000   1.0000          NULL 
253.0000    1    4.000   1.0000         Cond1
257.0000    0    6.000   1.0000          NULL 
263.0000    2    4.000   1.0000         Cond2
267.0000    0    6.000   1.0000          NULL 
273.0000    1    4.000   1.0000         Cond1
277.0000    0    6.000   1.0000          NULL 
283.0000   10    4.000   1.0000        Cond10
287.0000    0    6.000   1.0000          NULL 
293.0000    1    4.000   1.0000         Cond1
297.0000    0    6.000   1.0000          NULL 
303.0000    4    4.000   1.0000         Cond4
307.0000    0    6.000   1.0000          NULL 
313.0000    7    4.000   1.0000         Cond7
317.0000    0    9.000   1.0000          NULL 
326.0000    9    4.000   1.0000         Cond9
330.0000    0   12.000   1.0000          NULL 
342.0000    2    4.000   1.0000         Cond2
346.0000    0    6.000   1.0000          NULL 
352.0000    4    4.000   1.0000         Cond4
356.0000    0    7.000   1.0000          NULL 
363.0000   10    4.000   1.0000        Cond10
367.0000    0   11.000   1.0000          NULL 
378.0000    8    4.000   1.0000         Cond8
382.0000    0    6.000   1.0000          NULL 
388.0000    3    4.000   1.0000         Cond3
392.0000    0    6.000   1.0000          NULL 
398.0000    9    4.000   1.0000         Cond9
402.0000    0    6.000   1.0000          NULL 
408.0000    9    4.000   1.0000         Cond9
412.0000    0    6.000   1.0000          NULL 
418.0000    8    4.000   1.0000         Cond8
422.0000    0    7.000   1.0000          NULL 
429.0000    3    4.000   1.0000         Cond3
433.0000    0    7.000   1.0000          NULL 
