  0.0000   10    4.000   1.0000        Cond10
  4.0000    0    7.000   1.0000          NULL 
 11.0000    8    4.000   1.0000         Cond8
 15.0000    0    6.000   1.0000          NULL 
 21.0000    3    4.000   1.0000         Cond3
 25.0000    0    7.000   1.0000          NULL 
 32.0000    8    4.000   1.0000         Cond8
 36.0000    0    6.000   1.0000          NULL 
 42.0000    7    4.000   1.0000         Cond7
 46.0000    0   10.000   1.0000          NULL 
 56.0000   10    4.000   1.0000        Cond10
 60.0000    0    6.000   1.0000          NULL 
 66.0000    8    4.000   1.0000         Cond8
 70.0000    0    6.000   1.0000          NULL 
 76.0000    6    4.000   1.0000         Cond6
 80.0000    0    6.000   1.0000          NULL 
 86.0000    2    4.000   1.0000         Cond2
 90.0000    0    7.000   1.0000          NULL 
 97.0000    9    4.000   1.0000         Cond9
101.0000    0    7.000   1.0000          NULL 
108.0000    6    4.000   1.0000         Cond6
112.0000    0    7.000   1.0000          NULL 
119.0000    1    4.000   1.0000         Cond1
123.0000    0    6.000   1.0000          NULL 
129.0000    6    4.000   1.0000         Cond6
133.0000    0   10.000   1.0000          NULL 
143.0000    3    4.000   1.0000         Cond3
147.0000    0    6.000   1.0000          NULL 
153.0000    9    4.000   1.0000         Cond9
157.0000    0    7.000   1.0000          NULL 
164.0000    1    4.000   1.0000         Cond1
168.0000    0    8.000   1.0000          NULL 
176.0000    9    4.000   1.0000         Cond9
180.0000    0    6.000   1.0000          NULL 
186.0000    3    4.000   1.0000         Cond3
190.0000    0    9.000   1.0000          NULL 
199.0000    2    4.000   1.0000         Cond2
203.0000    0    6.000   1.0000          NULL 
209.0000    1    4.000   1.0000         Cond1
213.0000    0    6.000   1.0000          NULL 
219.0000    4    4.000   1.0000         Cond4
223.0000    0    6.000   1.0000          NULL 
229.0000    5    4.000   1.0000         Cond5
233.0000    0    6.000   1.0000          NULL 
239.0000    2    4.000   1.0000         Cond2
243.0000    0    6.000   1.0000          NULL 
249.0000    2    4.000   1.0000         Cond2
253.0000    0    9.000   1.0000          NULL 
262.0000    5    4.000   1.0000         Cond5
266.0000    0    6.000   1.0000          NULL 
272.0000   10    4.000   1.0000        Cond10
276.0000    0    6.000   1.0000          NULL 
282.0000    9    4.000   1.0000         Cond9
286.0000    0    7.000   1.0000          NULL 
293.0000   10    4.000   1.0000        Cond10
297.0000    0    6.000   1.0000          NULL 
303.0000    7    4.000   1.0000         Cond7
307.0000    0    6.000   1.0000          NULL 
313.0000    1    4.000   1.0000         Cond1
317.0000    0    7.000   1.0000          NULL 
324.0000    8    4.000   1.0000         Cond8
328.0000    0   12.000   1.0000          NULL 
340.0000    4    4.000   1.0000         Cond4
344.0000    0    7.000   1.0000          NULL 
351.0000    4    4.000   1.0000         Cond4
355.0000    0    9.000   1.0000          NULL 
364.0000    4    4.000   1.0000         Cond4
368.0000    0    6.000   1.0000          NULL 
374.0000    6    4.000   1.0000         Cond6
378.0000    0    7.000   1.0000          NULL 
385.0000    7    4.000   1.0000         Cond7
389.0000    0    6.000   1.0000          NULL 
395.0000    5    4.000   1.0000         Cond5
399.0000    0    6.000   1.0000          NULL 
405.0000    7    4.000   1.0000         Cond7
409.0000    0    6.000   1.0000          NULL 
415.0000    3    4.000   1.0000         Cond3
419.0000    0   11.000   1.0000          NULL 
430.0000    5    4.000   1.0000         Cond5
434.0000    0    6.000   1.0000          NULL 
