  0.0000    5    4.000   1.0000         Cond5
  4.0000    0    7.000   1.0000          NULL 
 11.0000    1    4.000   1.0000         Cond1
 15.0000    0    6.000   1.0000          NULL 
 21.0000   10    4.000   1.0000        Cond10
 25.0000    0    6.000   1.0000          NULL 
 31.0000    2    4.000   1.0000         Cond2
 35.0000    0    8.000   1.0000          NULL 
 43.0000    2    4.000   1.0000         Cond2
 47.0000    0   12.000   1.0000          NULL 
 59.0000   10    4.000   1.0000        Cond10
 63.0000    0    6.000   1.0000          NULL 
 69.0000    3    4.000   1.0000         Cond3
 73.0000    0    9.000   1.0000          NULL 
 82.0000    2    4.000   1.0000         Cond2
 86.0000    0    6.000   1.0000          NULL 
 92.0000    6    4.000   1.0000         Cond6
 96.0000    0    8.000   1.0000          NULL 
104.0000    4    4.000   1.0000         Cond4
108.0000    0    6.000   1.0000          NULL 
114.0000    5    4.000   1.0000         Cond5
118.0000    0    6.000   1.0000          NULL 
124.0000    2    4.000   1.0000         Cond2
128.0000    0    6.000   1.0000          NULL 
134.0000    5    4.000   1.0000         Cond5
138.0000    0    6.000   1.0000          NULL 
144.0000    7    4.000   1.0000         Cond7
148.0000    0    6.000   1.0000          NULL 
154.0000    4    4.000   1.0000         Cond4
158.0000    0    6.000   1.0000          NULL 
164.0000    7    4.000   1.0000         Cond7
168.0000    0    6.000   1.0000          NULL 
174.0000    3    4.000   1.0000         Cond3
178.0000    0    6.000   1.0000          NULL 
184.0000    8    4.000   1.0000         Cond8
188.0000    0    6.000   1.0000          NULL 
194.0000    8    4.000   1.0000         Cond8
198.0000    0    9.000   1.0000          NULL 
207.0000    8    4.000   1.0000         Cond8
211.0000    0    6.000   1.0000          NULL 
217.0000    7    4.000   1.0000         Cond7
221.0000    0    9.000   1.0000          NULL 
230.0000    6    4.000   1.0000         Cond6
234.0000    0    7.000   1.0000          NULL 
241.0000    8    4.000   1.0000         Cond8
245.0000    0    7.000   1.0000          NULL 
252.0000    9    4.000   1.0000         Cond9
256.0000    0    6.000   1.0000          NULL 
262.0000    5    4.000   1.0000         Cond5
266.0000    0    6.000   1.0000          NULL 
272.0000    4    4.000   1.0000         Cond4
276.0000    0    6.000   1.0000          NULL 
282.0000    6    4.000   1.0000         Cond6
286.0000    0    6.000   1.0000          NULL 
292.0000    9    4.000   1.0000         Cond9
296.0000    0    7.000   1.0000          NULL 
303.0000    6    4.000   1.0000         Cond6
307.0000    0    7.000   1.0000          NULL 
314.0000    9    4.000   1.0000         Cond9
318.0000    0    6.000   1.0000          NULL 
324.0000   10    4.000   1.0000        Cond10
328.0000    0    6.000   1.0000          NULL 
334.0000    1    4.000   1.0000         Cond1
338.0000    0    8.000   1.0000          NULL 
346.0000    7    4.000   1.0000         Cond7
350.0000    0    7.000   1.0000          NULL 
357.0000    3    4.000   1.0000         Cond3
361.0000    0    6.000   1.0000          NULL 
367.0000    9    4.000   1.0000         Cond9
371.0000    0    6.000   1.0000          NULL 
377.0000    4    4.000   1.0000         Cond4
381.0000    0    9.000   1.0000          NULL 
390.0000   10    4.000   1.0000        Cond10
394.0000    0   11.000   1.0000          NULL 
405.0000    1    4.000   1.0000         Cond1
409.0000    0   10.000   1.0000          NULL 
419.0000    3    4.000   1.0000         Cond3
423.0000    0    7.000   1.0000          NULL 
430.0000    1    4.000   1.0000         Cond1
434.0000    0    6.000   1.0000          NULL 
