  0.0000   10    4.000   1.0000        Cond10
  4.0000    0    7.000   1.0000          NULL 
 11.0000    4    4.000   1.0000         Cond4
 15.0000    0    6.000   1.0000          NULL 
 21.0000    7    4.000   1.0000         Cond7
 25.0000    0   12.000   1.0000          NULL 
 37.0000    6    4.000   1.0000         Cond6
 41.0000    0    7.000   1.0000          NULL 
 48.0000    4    4.000   1.0000         Cond4
 52.0000    0    6.000   1.0000          NULL 
 58.0000    4    4.000   1.0000         Cond4
 62.0000    0    7.000   1.0000          NULL 
 69.0000    3    4.000   1.0000         Cond3
 73.0000    0    6.000   1.0000          NULL 
 79.0000    3    4.000   1.0000         Cond3
 83.0000    0    6.000   1.0000          NULL 
 89.0000    5    4.000   1.0000         Cond5
 93.0000    0    7.000   1.0000          NULL 
100.0000    8    4.000   1.0000         Cond8
104.0000    0    6.000   1.0000          NULL 
110.0000    3    4.000   1.0000         Cond3
114.0000    0    6.000   1.0000          NULL 
120.0000    8    4.000   1.0000         Cond8
124.0000    0    9.000   1.0000          NULL 
133.0000    9    4.000   1.0000         Cond9
137.0000    0    6.000   1.0000          NULL 
143.0000    4    4.000   1.0000         Cond4
147.0000    0    7.000   1.0000          NULL 
154.0000    5    4.000   1.0000         Cond5
158.0000    0    6.000   1.0000          NULL 
164.0000    9    4.000   1.0000         Cond9
168.0000    0    6.000   1.0000          NULL 
174.0000    5    4.000   1.0000         Cond5
178.0000    0    9.000   1.0000          NULL 
187.0000    8    4.000   1.0000         Cond8
191.0000    0    6.000   1.0000          NULL 
197.0000    8    4.000   1.0000         Cond8
201.0000    0    6.000   1.0000          NULL 
207.0000    6    4.000   1.0000         Cond6
211.0000    0    6.000   1.0000          NULL 
217.0000    5    4.000   1.0000         Cond5
221.0000    0    8.000   1.0000          NULL 
229.0000    7    4.000   1.0000         Cond7
233.0000    0    6.000   1.0000          NULL 
239.0000    2    4.000   1.0000         Cond2
243.0000    0    6.000   1.0000          NULL 
249.0000    1    4.000   1.0000         Cond1
253.0000    0    6.000   1.0000          NULL 
259.0000    2    4.000   1.0000         Cond2
263.0000    0    6.000   1.0000          NULL 
269.0000    6    4.000   1.0000         Cond6
273.0000    0    7.000   1.0000          NULL 
280.0000    2    4.000   1.0000         Cond2
284.0000    0   12.000   1.0000          NULL 
296.0000    3    4.000   1.0000         Cond3
300.0000    0    7.000   1.0000          NULL 
307.0000   10    4.000   1.0000        Cond10
311.0000    0    6.000   1.0000          NULL 
317.0000   10    4.000   1.0000        Cond10
321.0000    0    6.000   1.0000          NULL 
327.0000    1    4.000   1.0000         Cond1
331.0000    0    9.000   1.0000          NULL 
340.0000   10    4.000   1.0000        Cond10
344.0000    0    7.000   1.0000          NULL 
351.0000    9    4.000   1.0000         Cond9
355.0000    0    9.000   1.0000          NULL 
364.0000    2    4.000   1.0000         Cond2
368.0000    0   10.000   1.0000          NULL 
378.0000    7    4.000   1.0000         Cond7
382.0000    0    6.000   1.0000          NULL 
388.0000    1    4.000   1.0000         Cond1
392.0000    0    7.000   1.0000          NULL 
399.0000    7    4.000   1.0000         Cond7
403.0000    0    6.000   1.0000          NULL 
409.0000    9    4.000   1.0000         Cond9
413.0000    0    6.000   1.0000          NULL 
419.0000    1    4.000   1.0000         Cond1
423.0000    0    7.000   1.0000          NULL 
430.0000    6    4.000   1.0000         Cond6
434.0000    0    6.000   1.0000          NULL 
