  0.0000    5    4.000   1.0000         Cond5
  4.0000    0    7.000   1.0000          NULL 
 11.0000    1    4.000   1.0000         Cond1
 15.0000    0    6.000   1.0000          NULL 
 21.0000    4    4.000   1.0000         Cond4
 25.0000    0   11.000   1.0000          NULL 
 36.0000    8    4.000   1.0000         Cond8
 40.0000    0    6.000   1.0000          NULL 
 46.0000    3    4.000   1.0000         Cond3
 50.0000    0    6.000   1.0000          NULL 
 56.0000    7    4.000   1.0000         Cond7
 60.0000    0    6.000   1.0000          NULL 
 66.0000    1    4.000   1.0000         Cond1
 70.0000    0    7.000   1.0000          NULL 
 77.0000   10    4.000   1.0000        Cond10
 81.0000    0    6.000   1.0000          NULL 
 87.0000    3    4.000   1.0000         Cond3
 91.0000    0    6.000   1.0000          NULL 
 97.0000    6    4.000   1.0000         Cond6
101.0000    0    7.000   1.0000          NULL 
108.0000    8    4.000   1.0000         Cond8
112.0000    0    8.000   1.0000          NULL 
120.0000    3    4.000   1.0000         Cond3
124.0000    0   10.000   1.0000          NULL 
134.0000    4    4.000   1.0000         Cond4
138.0000    0    6.000   1.0000          NULL 
144.0000    9    4.000   1.0000         Cond9
148.0000    0    6.000   1.0000          NULL 
154.0000    2    4.000   1.0000         Cond2
158.0000    0    6.000   1.0000          NULL 
164.0000    7    4.000   1.0000         Cond7
168.0000    0    6.000   1.0000          NULL 
174.0000    2    4.000   1.0000         Cond2
178.0000    0    9.000   1.0000          NULL 
187.0000    9    4.000   1.0000         Cond9
191.0000    0    7.000   1.0000          NULL 
198.0000   10    4.000   1.0000        Cond10
202.0000    0    7.000   1.0000          NULL 
209.0000    2    4.000   1.0000         Cond2
213.0000    0    6.000   1.0000          NULL 
219.0000    6    4.000   1.0000         Cond6
223.0000    0    6.000   1.0000          NULL 
229.0000    9    4.000   1.0000         Cond9
233.0000    0    8.000   1.0000          NULL 
241.0000    8    4.000   1.0000         Cond8
245.0000    0    9.000   1.0000          NULL 
254.0000    6    4.000   1.0000         Cond6
258.0000    0   10.000   1.0000          NULL 
268.0000    3    4.000   1.0000         Cond3
272.0000    0    6.000   1.0000          NULL 
278.0000    4    4.000   1.0000         Cond4
282.0000    0    9.000   1.0000          NULL 
291.0000    7    4.000   1.0000         Cond7
295.0000    0    6.000   1.0000          NULL 
301.0000    5    4.000   1.0000         Cond5
305.0000    0   10.000   1.0000          NULL 
315.0000    1    4.000   1.0000         Cond1
319.0000    0    6.000   1.0000          NULL 
325.0000    8    4.000   1.0000         Cond8
329.0000    0    7.000   1.0000          NULL 
336.0000   10    4.000   1.0000        Cond10
340.0000    0    8.000   1.0000          NULL 
348.0000    2    4.000   1.0000         Cond2
352.0000    0    7.000   1.0000          NULL 
359.0000    5    4.000   1.0000         Cond5
363.0000    0    6.000   1.0000          NULL 
369.0000    4    4.000   1.0000         Cond4
373.0000    0    6.000   1.0000          NULL 
379.0000    6    4.000   1.0000         Cond6
383.0000    0    6.000   1.0000          NULL 
389.0000    1    4.000   1.0000         Cond1
393.0000    0    6.000   1.0000          NULL 
399.0000    5    4.000   1.0000         Cond5
403.0000    0    6.000   1.0000          NULL 
409.0000   10    4.000   1.0000        Cond10
413.0000    0    6.000   1.0000          NULL 
419.0000    7    4.000   1.0000         Cond7
423.0000    0    6.000   1.0000          NULL 
429.0000    9    4.000   1.0000         Cond9
433.0000    0    7.000   1.0000          NULL 
