  0.0000    9    4.000   1.0000         Cond9
  4.0000    0   11.000   1.0000          NULL 
 15.0000    1    4.000   1.0000         Cond1
 19.0000    0    7.000   1.0000          NULL 
 26.0000    9    4.000   1.0000         Cond9
 30.0000    0    6.000   1.0000          NULL 
 36.0000    8    4.000   1.0000         Cond8
 40.0000    0    6.000   1.0000          NULL 
 46.0000   10    4.000   1.0000        Cond10
 50.0000    0    6.000   1.0000          NULL 
 56.0000    3    4.000   1.0000         Cond3
 60.0000    0    6.000   1.0000          NULL 
 66.0000    3    4.000   1.0000         Cond3
 70.0000    0    7.000   1.0000          NULL 
 77.0000    2    4.000   1.0000         Cond2
 81.0000    0    6.000   1.0000          NULL 
 87.0000    9    4.000   1.0000         Cond9
 91.0000    0    7.000   1.0000          NULL 
 98.0000    6    4.000   1.0000         Cond6
102.0000    0    6.000   1.0000          NULL 
108.0000    6    4.000   1.0000         Cond6
112.0000    0    9.000   1.0000          NULL 
121.0000    8    4.000   1.0000         Cond8
125.0000    0    6.000   1.0000          NULL 
131.0000    2    4.000   1.0000         Cond2
135.0000    0    9.000   1.0000          NULL 
144.0000    4    4.000   1.0000         Cond4
148.0000    0    6.000   1.0000          NULL 
154.0000    9    4.000   1.0000         Cond9
158.0000    0    6.000   1.0000          NULL 
164.0000    5    4.000   1.0000         Cond5
168.0000    0    7.000   1.0000          NULL 
175.0000    8    4.000   1.0000         Cond8
179.0000    0    7.000   1.0000          NULL 
186.0000    5    4.000   1.0000         Cond5
190.0000    0    7.000   1.0000          NULL 
197.0000   10    4.000   1.0000        Cond10
201.0000    0    6.000   1.0000          NULL 
207.0000    1    4.000   1.0000         Cond1
211.0000    0    6.000   1.0000          NULL 
217.0000    5    4.000   1.0000         Cond5
221.0000    0    6.000   1.0000          NULL 
227.0000    2    4.000   1.0000         Cond2
231.0000    0    6.000   1.0000          NULL 
237.0000    6    4.000   1.0000         Cond6
241.0000    0    6.000   1.0000          NULL 
247.0000    4    4.000   1.0000         Cond4
251.0000    0    8.000   1.0000          NULL 
259.0000    4    4.000   1.0000         Cond4
263.0000    0    6.000   1.0000          NULL 
269.0000    5    4.000   1.0000         Cond5
273.0000    0    6.000   1.0000          NULL 
279.0000    4    4.000   1.0000         Cond4
283.0000    0    7.000   1.0000          NULL 
290.0000    8    4.000   1.0000         Cond8
294.0000    0    7.000   1.0000          NULL 
301.0000    3    4.000   1.0000         Cond3
305.0000    0    6.000   1.0000          NULL 
311.0000    1    4.000   1.0000         Cond1
315.0000    0    7.000   1.0000          NULL 
322.0000    3    4.000   1.0000         Cond3
326.0000    0   10.000   1.0000          NULL 
336.0000   10    4.000   1.0000        Cond10
340.0000    0   11.000   1.0000          NULL 
351.0000    2    4.000   1.0000         Cond2
355.0000    0    7.000   1.0000          NULL 
362.0000    7    4.000   1.0000         Cond7
366.0000    0    6.000   1.0000          NULL 
372.0000    7    4.000   1.0000         Cond7
376.0000    0    6.000   1.0000          NULL 
382.0000   10    4.000   1.0000        Cond10
386.0000    0    7.000   1.0000          NULL 
393.0000    7    4.000   1.0000         Cond7
397.0000    0    6.000   1.0000          NULL 
403.0000    6    4.000   1.0000         Cond6
407.0000    0    6.000   1.0000          NULL 
413.0000    7    4.000   1.0000         Cond7
417.0000    0   11.000   1.0000          NULL 
428.0000    1    4.000   1.0000         Cond1
432.0000    0    8.000   1.0000          NULL 
