  0.0000   10    4.000   1.0000        Cond10
  4.0000    0    6.000   1.0000          NULL 
 10.0000    2    4.000   1.0000         Cond2
 14.0000    0    6.000   1.0000          NULL 
 20.0000    4    4.000   1.0000         Cond4
 24.0000    0    6.000   1.0000          NULL 
 30.0000    6    4.000   1.0000         Cond6
 34.0000    0   11.000   1.0000          NULL 
 45.0000    2    4.000   1.0000         Cond2
 49.0000    0    6.000   1.0000          NULL 
 55.0000    6    4.000   1.0000         Cond6
 59.0000    0    6.000   1.0000          NULL 
 65.0000    3    4.000   1.0000         Cond3
 69.0000    0    6.000   1.0000          NULL 
 75.0000    1    4.000   1.0000         Cond1
 79.0000    0    8.000   1.0000          NULL 
 87.0000    9    4.000   1.0000         Cond9
 91.0000    0    6.000   1.0000          NULL 
 97.0000    4    4.000   1.0000         Cond4
101.0000    0    6.000   1.0000          NULL 
107.0000    9    4.000   1.0000         Cond9
111.0000    0    6.000   1.0000          NULL 
117.0000    8    4.000   1.0000         Cond8
121.0000    0    8.000   1.0000          NULL 
129.0000    1    4.000   1.0000         Cond1
133.0000    0    6.000   1.0000          NULL 
139.0000    4    4.000   1.0000         Cond4
143.0000    0    6.000   1.0000          NULL 
149.0000    7    4.000   1.0000         Cond7
153.0000    0    6.000   1.0000          NULL 
159.0000    6    4.000   1.0000         Cond6
163.0000    0    7.000   1.0000          NULL 
170.0000    5    4.000   1.0000         Cond5
174.0000    0    8.000   1.0000          NULL 
182.0000    2    4.000   1.0000         Cond2
186.0000    0    7.000   1.0000          NULL 
193.0000    1    4.000   1.0000         Cond1
197.0000    0    6.000   1.0000          NULL 
203.0000   10    4.000   1.0000        Cond10
207.0000    0    8.000   1.0000          NULL 
215.0000    3    4.000   1.0000         Cond3
219.0000    0    6.000   1.0000          NULL 
225.0000    9    4.000   1.0000         Cond9
229.0000    0   11.000   1.0000          NULL 
240.0000    5    4.000   1.0000         Cond5
244.0000    0    6.000   1.0000          NULL 
250.0000    8    4.000   1.0000         Cond8
254.0000    0    7.000   1.0000          NULL 
261.0000    8    4.000   1.0000         Cond8
265.0000    0    7.000   1.0000          NULL 
272.0000    7    4.000   1.0000         Cond7
276.0000    0    6.000   1.0000          NULL 
282.0000    3    4.000   1.0000         Cond3
286.0000    0    6.000   1.0000          NULL 
292.0000   10    4.000   1.0000        Cond10
296.0000    0    6.000   1.0000          NULL 
302.0000    5    4.000   1.0000         Cond5
306.0000    0    6.000   1.0000          NULL 
312.0000    5    4.000   1.0000         Cond5
316.0000    0    6.000   1.0000          NULL 
322.0000    7    4.000   1.0000         Cond7
326.0000    0    7.000   1.0000          NULL 
333.0000   10    4.000   1.0000        Cond10
337.0000    0    6.000   1.0000          NULL 
343.0000    1    4.000   1.0000         Cond1
347.0000    0   10.000   1.0000          NULL 
357.0000    8    4.000   1.0000         Cond8
361.0000    0   11.000   1.0000          NULL 
372.0000    6    4.000   1.0000         Cond6
376.0000    0    6.000   1.0000          NULL 
382.0000    9    4.000   1.0000         Cond9
386.0000    0    7.000   1.0000          NULL 
393.0000    3    4.000   1.0000         Cond3
397.0000    0    6.000   1.0000          NULL 
403.0000    2    4.000   1.0000         Cond2
407.0000    0    8.000   1.0000          NULL 
415.0000    7    4.000   1.0000         Cond7
419.0000    0    9.000   1.0000          NULL 
428.0000    4    4.000   1.0000         Cond4
432.0000    0    8.000   1.0000          NULL 
