  0.0000    2    4.000   1.0000         Cond2
  4.0000    0    6.000   1.0000          NULL 
 10.0000    3    4.000   1.0000         Cond3
 14.0000    0    8.000   1.0000          NULL 
 22.0000    8    4.000   1.0000         Cond8
 26.0000    0    6.000   1.0000          NULL 
 32.0000    5    4.000   1.0000         Cond5
 36.0000    0    6.000   1.0000          NULL 
 42.0000    4    4.000   1.0000         Cond4
 46.0000    0    6.000   1.0000          NULL 
 52.0000    2    4.000   1.0000         Cond2
 56.0000    0    7.000   1.0000          NULL 
 63.0000    8    4.000   1.0000         Cond8
 67.0000    0   11.000   1.0000          NULL 
 78.0000   10    4.000   1.0000        Cond10
 82.0000    0    8.000   1.0000          NULL 
 90.0000    9    4.000   1.0000         Cond9
 94.0000    0    7.000   1.0000          NULL 
101.0000    4    4.000   1.0000         Cond4
105.0000    0    6.000   1.0000          NULL 
111.0000    1    4.000   1.0000         Cond1
115.0000    0    7.000   1.0000          NULL 
122.0000    6    4.000   1.0000         Cond6
126.0000    0    6.000   1.0000          NULL 
132.0000    6    4.000   1.0000         Cond6
136.0000    0    7.000   1.0000          NULL 
143.0000    3    4.000   1.0000         Cond3
147.0000    0    8.000   1.0000          NULL 
155.0000    1    4.000   1.0000         Cond1
159.0000    0    6.000   1.0000          NULL 
165.0000    8    4.000   1.0000         Cond8
169.0000    0    6.000   1.0000          NULL 
175.0000    9    4.000   1.0000         Cond9
179.0000    0    8.000   1.0000          NULL 
187.0000    5    4.000   1.0000         Cond5
191.0000    0    6.000   1.0000          NULL 
197.0000    7    4.000   1.0000         Cond7
201.0000    0    8.000   1.0000          NULL 
209.0000   10    4.000   1.0000        Cond10
213.0000    0    9.000   1.0000          NULL 
222.0000    6    4.000   1.0000         Cond6
226.0000    0    6.000   1.0000          NULL 
232.0000    9    4.000   1.0000         Cond9
236.0000    0    6.000   1.0000          NULL 
242.0000    2    4.000   1.0000         Cond2
246.0000    0    6.000   1.0000          NULL 
252.0000   10    4.000   1.0000        Cond10
256.0000    0    6.000   1.0000          NULL 
262.0000   10    4.000   1.0000        Cond10
266.0000    0    6.000   1.0000          NULL 
272.0000    7    4.000   1.0000         Cond7
276.0000    0    6.000   1.0000          NULL 
282.0000    4    4.000   1.0000         Cond4
286.0000    0    7.000   1.0000          NULL 
293.0000    7    4.000   1.0000         Cond7
297.0000    0    8.000   1.0000          NULL 
305.0000    7    4.000   1.0000         Cond7
309.0000    0    6.000   1.0000          NULL 
315.0000    9    4.000   1.0000         Cond9
319.0000    0    7.000   1.0000          NULL 
326.0000    8    4.000   1.0000         Cond8
330.0000    0    6.000   1.0000          NULL 
336.0000    3    4.000   1.0000         Cond3
340.0000    0    6.000   1.0000          NULL 
346.0000    5    4.000   1.0000         Cond5
350.0000    0    6.000   1.0000          NULL 
356.0000    1    4.000   1.0000         Cond1
360.0000    0   11.000   1.0000          NULL 
371.0000    1    4.000   1.0000         Cond1
375.0000    0    7.000   1.0000          NULL 
382.0000    3    4.000   1.0000         Cond3
386.0000    0    6.000   1.0000          NULL 
392.0000    4    4.000   1.0000         Cond4
396.0000    0    8.000   1.0000          NULL 
404.0000    6    4.000   1.0000         Cond6
408.0000    0    7.000   1.0000          NULL 
415.0000    5    4.000   1.0000         Cond5
419.0000    0    8.000   1.0000          NULL 
427.0000    2    4.000   1.0000         Cond2
431.0000    0    9.000   1.0000          NULL 
