  0.0000    4    4.000   1.0000         Cond4
  4.0000    0    6.000   1.0000          NULL 
 10.0000    6    4.000   1.0000         Cond6
 14.0000    0    6.000   1.0000          NULL 
 20.0000    2    4.000   1.0000         Cond2
 24.0000    0    6.000   1.0000          NULL 
 30.0000    5    4.000   1.0000         Cond5
 34.0000    0    6.000   1.0000          NULL 
 40.0000    5    4.000   1.0000         Cond5
 44.0000    0    6.000   1.0000          NULL 
 50.0000    3    4.000   1.0000         Cond3
 54.0000    0    6.000   1.0000          NULL 
 60.0000    6    4.000   1.0000         Cond6
 64.0000    0    6.000   1.0000          NULL 
 70.0000    8    4.000   1.0000         Cond8
 74.0000    0    6.000   1.0000          NULL 
 80.0000    6    4.000   1.0000         Cond6
 84.0000    0    6.000   1.0000          NULL 
 90.0000    5    4.000   1.0000         Cond5
 94.0000    0    6.000   1.0000          NULL 
100.0000    9    4.000   1.0000         Cond9
104.0000    0    6.000   1.0000          NULL 
110.0000    8    4.000   1.0000         Cond8
114.0000    0    6.000   1.0000          NULL 
120.0000    2    4.000   1.0000         Cond2
124.0000    0    8.000   1.0000          NULL 
132.0000   10    4.000   1.0000        Cond10
136.0000    0    7.000   1.0000          NULL 
143.0000   10    4.000   1.0000        Cond10
147.0000    0    6.000   1.0000          NULL 
153.0000    1    4.000   1.0000         Cond1
157.0000    0    7.000   1.0000          NULL 
164.0000    4    4.000   1.0000         Cond4
168.0000    0    6.000   1.0000          NULL 
174.0000    9    4.000   1.0000         Cond9
178.0000    0    7.000   1.0000          NULL 
185.0000    3    4.000   1.0000         Cond3
189.0000    0    6.000   1.0000          NULL 
195.0000    8    4.000   1.0000         Cond8
199.0000    0    6.000   1.0000          NULL 
205.0000    7    4.000   1.0000         Cond7
209.0000    0    7.000   1.0000          NULL 
216.0000    3    4.000   1.0000         Cond3
220.0000    0    6.000   1.0000          NULL 
226.0000   10    4.000   1.0000        Cond10
230.0000    0    6.000   1.0000          NULL 
236.0000    7    4.000   1.0000         Cond7
240.0000    0    6.000   1.0000          NULL 
246.0000    6    4.000   1.0000         Cond6
250.0000    0    8.000   1.0000          NULL 
258.0000    2    4.000   1.0000         Cond2
262.0000    0    6.000   1.0000          NULL 
268.0000    9    4.000   1.0000         Cond9
272.0000    0    7.000   1.0000          NULL 
279.0000    2    4.000   1.0000         Cond2
283.0000    0    7.000   1.0000          NULL 
290.0000    4    4.000   1.0000         Cond4
294.0000    0    8.000   1.0000          NULL 
302.0000    5    4.000   1.0000         Cond5
306.0000    0    6.000   1.0000          NULL 
312.0000   10    4.000   1.0000        Cond10
316.0000    0    8.000   1.0000          NULL 
324.0000    8    4.000   1.0000         Cond8
328.0000    0   13.000   1.0000          NULL 
341.0000    7    4.000   1.0000         Cond7
345.0000    0    6.000   1.0000          NULL 
351.0000    1    4.000   1.0000         Cond1
355.0000    0   10.000   1.0000          NULL 
365.0000    9    4.000   1.0000         Cond9
369.0000    0    9.000   1.0000          NULL 
378.0000    4    4.000   1.0000         Cond4
382.0000    0   10.000   1.0000          NULL 
392.0000    7    4.000   1.0000         Cond7
396.0000    0   11.000   1.0000          NULL 
407.0000    3    4.000   1.0000         Cond3
411.0000    0    8.000   1.0000          NULL 
419.0000    1    4.000   1.0000         Cond1
423.0000    0    7.000   1.0000          NULL 
430.0000    1    4.000   1.0000         Cond1
434.0000    0    6.000   1.0000          NULL 
